1         2 > delta >= 1                  0
1         1 > delta >= 0.95               0
1      0.95 > delta >= 0.9                0
1       0.9 > delta >= 0.8                0
1       0.8 > delta >= 0.7                0
1       0.7 > delta >= 0.6                0
1       0.6 > delta >= 0.5               11   2   3   4   6   7   8  13  14  15  16  17
1       0.5 > delta >= 0.4               28   1   5   9  10  11  12  18  19  20  22  23  24  25  26  27  29  30  31  32  33  34  35  36  38  39  40  41  42
1       0.4 > delta >= 0.3                3  21  28  37
1       0.3 > delta >= 0.2                0
1       0.2 > delta >= 0.1                0
1       0.1 > delta >= 0                  0
2         2 > delta >= 1                  0
2         1 > delta >= 0.95               0
2      0.95 > delta >= 0.9                0
2       0.9 > delta >= 0.8                0
2       0.8 > delta >= 0.7                0
2       0.7 > delta >= 0.6                0
2       0.6 > delta >= 0.5                5   2   3   4   6   7
2       0.5 > delta >= 0.4               12   1   5   8   9  13  14  15  16  17  18  41  42
2       0.4 > delta >= 0.3               25  10  11  12  19  20  21  22  23  24  25  26  27  28  29  30  31  32  33  34  35  36  37  38  39  40
2       0.3 > delta >= 0.2                0
2       0.2 > delta >= 0.1                0
2       0.1 > delta >= 0                  0
3         2 > delta >= 1                  0
3         1 > delta >= 0.95               0
3      0.95 > delta >= 0.9                0
3       0.9 > delta >= 0.8                0
3       0.8 > delta >= 0.7                0
3       0.7 > delta >= 0.6                0
3       0.6 > delta >= 0.5                3   2   3   7
3       0.5 > delta >= 0.4               18   1   5   6   8  10  11  13  14  15  16  17  19  22  26  35  36  39  41
3       0.4 > delta >= 0.3               21   4   9  12  18  20  21  23  24  25  27  28  29  30  31  32  33  34  37  38  40  42
3       0.3 > delta >= 0.2                0
3       0.2 > delta >= 0.1                0
3       0.1 > delta >= 0                  0
4         2 > delta >= 1                  0
4         1 > delta >= 0.95               0
4      0.95 > delta >= 0.9                0
4       0.9 > delta >= 0.8                0
4       0.8 > delta >= 0.7                0
4       0.7 > delta >= 0.6                0
4       0.6 > delta >= 0.5                5   2   7  13  15  17
4       0.5 > delta >= 0.4               24   1   3   4   5   6   8  10  11  12  14  16  18  19  20  21  22  26  32  35  36  39  40  41  42
4       0.4 > delta >= 0.3               13   9  23  24  25  27  28  29  30  31  33  34  37  38
4       0.3 > delta >= 0.2                0
4       0.2 > delta >= 0.1                0
4       0.1 > delta >= 0                  0
5         2 > delta >= 1                  0
5         1 > delta >= 0.95               0
5      0.95 > delta >= 0.9                0
5       0.9 > delta >= 0.8                0
5       0.8 > delta >= 0.7                0
5       0.7 > delta >= 0.6                0
5       0.6 > delta >= 0.5                6   2   3   7  13  15  17
5       0.5 > delta >= 0.4               26   1   4   5   6   8  10  11  12  14  16  18  19  20  21  22  25  26  28  32  35  36  37  39  40  41  42
5       0.4 > delta >= 0.3               10   9  23  24  27  29  30  31  33  34  38
5       0.3 > delta >= 0.2                0
5       0.2 > delta >= 0.1                0
5       0.1 > delta >= 0                  0
6         2 > delta >= 1                  0
6         1 > delta >= 0.95               0
6      0.95 > delta >= 0.9                0
6       0.9 > delta >= 0.8                0
6       0.8 > delta >= 0.7                0
6       0.7 > delta >= 0.6                0
6       0.6 > delta >= 0.5                6   2   3   4   6   7  13
6       0.5 > delta >= 0.4               19   1   5   8  12  14  15  16  17  18  20  21  22  23  28  35  36  39  41  42
6       0.4 > delta >= 0.3               17   9  10  11  19  24  25  26  27  29  30  31  32  33  34  37  38  40
6       0.3 > delta >= 0.2                0
6       0.2 > delta >= 0.1                0
6       0.1 > delta >= 0                  0
7         2 > delta >= 1                  0
7         1 > delta >= 0.95               0
7      0.95 > delta >= 0.9                0
7       0.9 > delta >= 0.8                0
7       0.8 > delta >= 0.7                0
7       0.7 > delta >= 0.6                0
7       0.6 > delta >= 0.5                6   2   3   4   6   7  13
7       0.5 > delta >= 0.4               20   1   5   8  12  14  15  16  17  18  20  21  22  23  28  35  36  37  39  41  42
7       0.4 > delta >= 0.3               16   9  10  11  19  24  25  26  27  29  30  31  32  33  34  38  40
7       0.3 > delta >= 0.2                0
7       0.2 > delta >= 0.1                0
7       0.1 > delta >= 0                  0
8         2 > delta >= 1                  0
8         1 > delta >= 0.95               0
8      0.95 > delta >= 0.9                0
8       0.9 > delta >= 0.8                0
8       0.8 > delta >= 0.7                0
8       0.7 > delta >= 0.6                0
8       0.6 > delta >= 0.5                5   2   6   7  13  15
8       0.5 > delta >= 0.4               26   3   4   5   8  10  11  12  14  16  17  18  19  20  21  22  25  26  28  32  35  36  37  39  40  41  42
8       0.4 > delta >= 0.3               11   1   9  23  24  27  29  30  31  33  34  38
8       0.3 > delta >= 0.2                0
8       0.2 > delta >= 0.1                0
8       0.1 > delta >= 0                  0
9         2 > delta >= 1                  0
9         1 > delta >= 0.95               0
9      0.95 > delta >= 0.9                0
9       0.9 > delta >= 0.8                0
9       0.8 > delta >= 0.7                0
9       0.7 > delta >= 0.6                0
9       0.6 > delta >= 0.5               10   2   3   4   6   8  13  14  15  16  17
9       0.5 > delta >= 0.4               31   5   7   9  10  11  12  18  19  20  21  22  23  24  25  26  27  28  29  30  31  32  33  34  35  36  37  38  39  40  41  42
9       0.4 > delta >= 0.3                1   1
9       0.3 > delta >= 0.2                0
9       0.2 > delta >= 0.1                0
9       0.1 > delta >= 0                  0
10        2 > delta >= 1                  0
10        1 > delta >= 0.95               0
10     0.95 > delta >= 0.9                0
10      0.9 > delta >= 0.8                0
10      0.8 > delta >= 0.7                0
10      0.7 > delta >= 0.6                0
10      0.6 > delta >= 0.5               11   2   3   4   6   7   8  13  14  15  16  17
10      0.5 > delta >= 0.4               30   5   9  10  11  12  18  19  20  21  22  23  24  25  26  27  28  29  30  31  32  33  34  35  36  37  38  39  40  41  42
10      0.4 > delta >= 0.3                1   1
10      0.3 > delta >= 0.2                0
10      0.2 > delta >= 0.1                0
10      0.1 > delta >= 0                  0
11        2 > delta >= 1                  0
11        1 > delta >= 0.95               0
11     0.95 > delta >= 0.9                0
11      0.9 > delta >= 0.8                0
11      0.8 > delta >= 0.7                0
11      0.7 > delta >= 0.6                0
11      0.6 > delta >= 0.5                6   2   3   4   7  13  15
11      0.5 > delta >= 0.4               25   5   6   8  10  11  14  16  17  18  19  21  22  25  26  28  32  34  35  36  37  38  39  40  41  42
11      0.4 > delta >= 0.3               11   1   9  12  20  23  24  27  29  30  31  33
11      0.3 > delta >= 0.2                0
11      0.2 > delta >= 0.1                0
11      0.1 > delta >= 0                  0
12        2 > delta >= 1                  0
12        1 > delta >= 0.95               0
12     0.95 > delta >= 0.9                0
12      0.9 > delta >= 0.8                0
12      0.8 > delta >= 0.7                0
12      0.7 > delta >= 0.6                0
12      0.6 > delta >= 0.5               11   2   3   4   6   7   8  13  14  15  16  17
12      0.5 > delta >= 0.4               30   5   9  10  11  12  18  19  20  21  22  23  24  25  26  27  28  29  30  31  32  33  34  35  36  37  38  39  40  41  42
12      0.4 > delta >= 0.3                1   1
12      0.3 > delta >= 0.2                0
12      0.2 > delta >= 0.1                0
12      0.1 > delta >= 0                  0
13        2 > delta >= 1                  0
13        1 > delta >= 0.95               0
13     0.95 > delta >= 0.9                0
13      0.9 > delta >= 0.8                0
13      0.8 > delta >= 0.7                0
13      0.7 > delta >= 0.6                0
13      0.6 > delta >= 0.5                7   2   3   4   6   7  13  14
13      0.5 > delta >= 0.4               19   1   5   8  15  16  17  18  21  22  23  24  28  31  35  36  37  39  41  42
13      0.4 > delta >= 0.3               16   9  10  11  12  19  20  25  26  27  29  30  32  33  34  38  40
13      0.3 > delta >= 0.2                0
13      0.2 > delta >= 0.1                0
13      0.1 > delta >= 0                  0
14        2 > delta >= 1                  0
14        1 > delta >= 0.95               0
14     0.95 > delta >= 0.9                0
14      0.9 > delta >= 0.8                0
14      0.8 > delta >= 0.7                0
14      0.7 > delta >= 0.6                0
14      0.6 > delta >= 0.5                9   2   3   4   6   7   8  13  15  16
14      0.5 > delta >= 0.4               28   5   9  10  11  12  14  17  18  19  20  21  22  24  25  26  27  28  29  32  33  34  35  36  37  39  40  41  42
14      0.4 > delta >= 0.3                5   1  23  30  31  38
14      0.3 > delta >= 0.2                0
14      0.2 > delta >= 0.1                0
14      0.1 > delta >= 0                  0
15        2 > delta >= 1                  0
15        1 > delta >= 0.95               0
15     0.95 > delta >= 0.9                0
15      0.9 > delta >= 0.8                0
15      0.8 > delta >= 0.7                0
15      0.7 > delta >= 0.6                0
15      0.6 > delta >= 0.5                1   3
15      0.5 > delta >= 0.4               13   2   4   6   7   8  13  15  16  21  28  35  36  38
15      0.4 > delta >= 0.3               20   1   5   9  12  14  17  18  20  22  25  26  29  30  32  33  34  37  40  41  42
15      0.3 > delta >= 0.2                8  10  11  19  23  24  27  31  39
15      0.2 > delta >= 0.1                0
15      0.1 > delta >= 0                  0
