1         2 > delta >= 1                  0
1         1 > delta >= 0.95               0
1      0.95 > delta >= 0.9                0
1       0.9 > delta >= 0.8                0
1       0.8 > delta >= 0.7                0
1       0.7 > delta >= 0.6                0
1       0.6 > delta >= 0.5               16   1   2   3   4   5   6   7   8  11  13  14  18  19  20  21  22
1       0.5 > delta >= 0.4               43  10  12  15  16  17  23  24  25  26  27  28  29  30  31  32  33  34  35  36  37  38  39  40  41  42  43  44  45  46  47  48  49  50  51  52  53  54  55  56  57  58  59  60
1       0.4 > delta >= 0.3                1   9
1       0.3 > delta >= 0.2                0
1       0.2 > delta >= 0.1                0
1       0.1 > delta >= 0                  0
2         2 > delta >= 1                  0
2         1 > delta >= 0.95               0
2      0.95 > delta >= 0.9                0
2       0.9 > delta >= 0.8                0
2       0.8 > delta >= 0.7                0
2       0.7 > delta >= 0.6                0
2       0.6 > delta >= 0.5                4   6  12  13  14
2       0.5 > delta >= 0.4               31   1   2   3   4   5   7   8  10  11  17  18  19  20  21  22  23  25  30  31  34  50  51  52  53  54  55  56  57  58  59  60
2       0.4 > delta >= 0.3               22   9  15  16  24  26  27  28  29  32  33  35  36  37  38  39  40  42  44  46  47  48  49
2       0.3 > delta >= 0.2                3  41  43  45
2       0.2 > delta >= 0.1                0
2       0.1 > delta >= 0                  0
3         2 > delta >= 1                  0
3         1 > delta >= 0.95               0
3      0.95 > delta >= 0.9                0
3       0.9 > delta >= 0.8                0
3       0.8 > delta >= 0.7                0
3       0.7 > delta >= 0.6                0
3       0.6 > delta >= 0.5                5   3   6  12  13  14
3       0.5 > delta >= 0.4               19   1   2   4   5  10  11  15  16  17  18  19  20  21  22  25  52  55  59  60
3       0.4 > delta >= 0.3               32   7   8   9  23  24  26  27  28  29  32  33  34  35  37  38  39  40  41  42  43  44  45  46  47  48  49  50  51  54  56  57  58
3       0.3 > delta >= 0.2                4  30  31  36  53
3       0.2 > delta >= 0.1                0
3       0.1 > delta >= 0                  0
4         2 > delta >= 1                  0
4         1 > delta >= 0.95               0
4      0.95 > delta >= 0.9                0
4       0.9 > delta >= 0.8                0
4       0.8 > delta >= 0.7                0
4       0.7 > delta >= 0.6                0
4       0.6 > delta >= 0.5                5   3   6  10  13  18
4       0.5 > delta >= 0.4               26   2   4   5   7  11  12  14  16  17  19  20  21  22  25  28  29  43  50  52  53  54  55  57  58  59  60
4       0.4 > delta >= 0.3               24   1   8   9  15  23  24  26  27  30  32  33  34  36  37  40  41  42  44  45  47  48  49  51  56
4       0.3 > delta >= 0.2                5  31  35  38  39  46
4       0.2 > delta >= 0.1                0
4       0.1 > delta >= 0                  0
5         2 > delta >= 1                  0
5         1 > delta >= 0.95               0
5      0.95 > delta >= 0.9                0
5       0.9 > delta >= 0.8                0
5       0.8 > delta >= 0.7                0
5       0.7 > delta >= 0.6                0
5       0.6 > delta >= 0.5                5   3   6  10  13  18
5       0.5 > delta >= 0.4               29   1   2   4   5   7   8  11  12  14  16  17  19  20  21  22  28  29  43  50  51  52  53  54  55  56  57  58  59  60
5       0.4 > delta >= 0.3               20   9  15  23  24  25  26  27  32  33  36  37  38  40  41  42  44  45  47  48  49
5       0.3 > delta >= 0.2                6  30  31  34  35  39  46
5       0.2 > delta >= 0.1                0
5       0.1 > delta >= 0                  0
6         2 > delta >= 1                  0
6         1 > delta >= 0.95               0
6      0.95 > delta >= 0.9                0
6       0.9 > delta >= 0.8                0
6       0.8 > delta >= 0.7                0
6       0.7 > delta >= 0.6                0
6       0.6 > delta >= 0.5               13   1   2   3   4   5   6   7   8  10  12  13  14  18
6       0.5 > delta >= 0.4               23  11  15  16  17  19  20  21  22  23  25  27  46  50  51  52  53  54  55  56  57  58  59  60
6       0.4 > delta >= 0.3               24   9  24  26  28  29  30  31  32  33  34  35  36  37  38  39  40  41  42  43  44  45  47  48  49
6       0.3 > delta >= 0.2                0
6       0.2 > delta >= 0.1                0
6       0.1 > delta >= 0                  0
7         2 > delta >= 1                  0
7         1 > delta >= 0.95               0
7      0.95 > delta >= 0.9                0
7       0.9 > delta >= 0.8                0
7       0.8 > delta >= 0.7                0
7       0.7 > delta >= 0.6                0
7       0.6 > delta >= 0.5               14   1   2   3   4   5   6   7   8  10  12  13  14  16  18
7       0.5 > delta >= 0.4               42  11  15  17  19  20  21  22  23  24  25  26  27  28  29  32  33  34  36  37  38  39  40  41  42  43  44  45  46  47  48  49  50  51  52  53  54  55  56  57  58  59  60
7       0.4 > delta >= 0.3                4   9  30  31  35
7       0.3 > delta >= 0.2                0
7       0.2 > delta >= 0.1                0
7       0.1 > delta >= 0                  0
8         2 > delta >= 1                  0
8         1 > delta >= 0.95               0
8      0.95 > delta >= 0.9                0
8       0.9 > delta >= 0.8                0
8       0.8 > delta >= 0.7                0
8       0.7 > delta >= 0.6                0
8       0.6 > delta >= 0.5                4   3   6  13  18
8       0.5 > delta >= 0.4               40   1   2   4   5   7   8  10  11  12  14  15  16  17  20  21  24  26  27  28  29  33  36  37  40  42  43  44  48  49  50  51  52  53  54  55  56  57  58  59  60
8       0.4 > delta >= 0.3               11   9  19  22  23  25  30  32  35  38  41  45
8       0.3 > delta >= 0.2                5  31  34  39  46  47
8       0.2 > delta >= 0.1                0
8       0.1 > delta >= 0                  0
9         2 > delta >= 1                  0
9         1 > delta >= 0.95               0
9      0.95 > delta >= 0.9                0
9       0.9 > delta >= 0.8                0
9       0.8 > delta >= 0.7                0
9       0.7 > delta >= 0.6                0
9       0.6 > delta >= 0.5               14   1   2   3   4   5   6   7   8  10  18  19  20  21  22
9       0.5 > delta >= 0.4               45  11  12  13  14  15  16  17  23  24  25  26  27  28  29  30  31  32  33  34  35  36  37  38  39  40  41  42  43  44  45  46  47  48  49  50  51  52  53  54  55  56  57  58  59  60
9       0.4 > delta >= 0.3                1   9
9       0.3 > delta >= 0.2                0
9       0.2 > delta >= 0.1                0
9       0.1 > delta >= 0                  0
10        2 > delta >= 1                  0
10        1 > delta >= 0.95               0
10     0.95 > delta >= 0.9                0
10      0.9 > delta >= 0.8                0
10      0.8 > delta >= 0.7                0
10      0.7 > delta >= 0.6                0
10      0.6 > delta >= 0.5               15   1   2   3   4   5   6   7   8  10  13  18  19  20  21  22
10      0.5 > delta >= 0.4               44  11  12  14  15  16  17  23  24  25  26  27  28  29  30  31  32  33  34  35  36  37  38  39  40  41  42  43  44  45  46  47  48  49  50  51  52  53  54  55  56  57  58  59  60
10      0.4 > delta >= 0.3                1   9
10      0.3 > delta >= 0.2                0
10      0.2 > delta >= 0.1                0
10      0.1 > delta >= 0                  0
11        2 > delta >= 1                  0
11        1 > delta >= 0.95               0
11     0.95 > delta >= 0.9                0
11      0.9 > delta >= 0.8                0
11      0.8 > delta >= 0.7                0
11      0.7 > delta >= 0.6                0
11      0.6 > delta >= 0.5                5   3   4   5   6  21
11      0.5 > delta >= 0.4               44   1   2   7   8   9  10  11  12  13  14  15  18  19  20  22  23  24  25  26  27  28  30  32  34  35  36  37  38  39  45  47  48  49  50  51  52  53  54  55  56  57  58  59  60
11      0.4 > delta >= 0.3               10  16  17  29  31  33  40  41  42  43  44
11      0.3 > delta >= 0.2                1  46
11      0.2 > delta >= 0.1                0
11      0.1 > delta >= 0                  0
12        2 > delta >= 1                  0
12        1 > delta >= 0.95               0
12     0.95 > delta >= 0.9                0
12      0.9 > delta >= 0.8                0
12      0.8 > delta >= 0.7                0
12      0.7 > delta >= 0.6                0
12      0.6 > delta >= 0.5               17   1   2   3   4   5   6   7   8  10  11  13  17  18  19  20  21  22
12      0.5 > delta >= 0.4               40  12  14  15  16  23  24  25  26  27  28  29  30  31  32  33  34  35  36  37  38  39  40  41  42  43  44  45  46  47  48  49  51  52  53  54  56  57  58  59  60
12      0.4 > delta >= 0.3                3   9  50  55
12      0.3 > delta >= 0.2                0
12      0.2 > delta >= 0.1                0
12      0.1 > delta >= 0                  0
13        2 > delta >= 1                  0
13        1 > delta >= 0.95               0
13     0.95 > delta >= 0.9                0
13      0.9 > delta >= 0.8                0
13      0.8 > delta >= 0.7                0
13      0.7 > delta >= 0.6                0
13      0.6 > delta >= 0.5               14   1   2   3   4   5   6   7   8  10  11  12  13  14  18
13      0.5 > delta >= 0.4               24  15  16  17  19  20  21  22  23  25  27  30  32  46  50  51  52  53  54  55  56  57  58  59  60
13      0.4 > delta >= 0.3               22   9  24  26  28  29  31  33  34  35  36  37  38  39  40  41  42  43  44  45  47  48  49
13      0.3 > delta >= 0.2                0
13      0.2 > delta >= 0.1                0
13      0.1 > delta >= 0                  0
14        2 > delta >= 1                  0
14        1 > delta >= 0.95               0
14     0.95 > delta >= 0.9                0
14      0.9 > delta >= 0.8                0
14      0.8 > delta >= 0.7                0
14      0.7 > delta >= 0.6                0
14      0.6 > delta >= 0.5               19   1   2   3   4   5   6   7   8  10  12  13  14  16  17  18  19  20  21  22
14      0.5 > delta >= 0.4               35  11  15  23  24  25  26  27  28  30  31  32  33  34  36  37  38  40  41  42  43  44  45  47  48  49  50  52  53  54  55  56  57  58  59  60
14      0.4 > delta >= 0.3                6   9  29  35  39  46  51
14      0.3 > delta >= 0.2                0
14      0.2 > delta >= 0.1                0
14      0.1 > delta >= 0                  0
15        2 > delta >= 1                  0
15        1 > delta >= 0.95               0
15     0.95 > delta >= 0.9                0
15      0.9 > delta >= 0.8                0
15      0.8 > delta >= 0.7                0
15      0.7 > delta >= 0.6                0
15      0.6 > delta >= 0.5               10   1   2   3   4   5   6   8  10  12  18
15      0.5 > delta >= 0.4               11   7  11  13  14  15  16  17  19  20  21  22
15      0.4 > delta >= 0.3               39   9  23  24  25  26  27  28  29  30  31  32  33  34  35  36  37  38  39  40  41  42  43  44  45  46  47  48  49  50  51  52  53  54  55  56  57  58  59  60
15      0.3 > delta >= 0.2                0
15      0.2 > delta >= 0.1                0
15      0.1 > delta >= 0                  0
