Non-Symmetric
    0.742224874   0.7836408194   0.8078546789   0.7590701937
   0.7996162776   0.8319558389   0.8567321999   0.8180831397
   0.8274820207   0.8404038135   0.8633029665   0.8234543864
   0.8061480374   0.8406393551   0.8635634983    0.816168531
   0.7775319014   0.8163161888    0.847696249   0.7945473324
    0.787785147   0.7994520197   0.7920178087   0.7689492924
   0.7711486169   0.7685306522   0.7702821877   0.7673301975
   0.7717669181   0.8195384889   0.8627773379   0.7914283916
   0.7568186489   0.8046654713   0.8338085309   0.7707380002
   0.7425252287   0.7901201645   0.8252308504    0.758846877
   0.7800161487   0.8346382745    0.879956323   0.8110631067
   0.6894371097    0.711594887   0.7173289274   0.6879116388
   0.7781503256   0.7969384815    0.791688476   0.7694306823
   0.7461311883   0.7627292055   0.7775104769   0.7441661371
   0.8916670551   0.8926331274   0.8812005233   0.8658958038

Symmetric
    0.742224874   0.7713555066   0.8078546789   0.7713555066
   0.7996162776   0.8250194893   0.8567321999   0.8250194893
   0.8274820207      0.8319291   0.8633029665      0.8319291
   0.8061480374    0.828403943   0.8635634983    0.828403943
   0.7775319014   0.8054317606    0.847696249   0.8054317606
    0.787785147    0.784200656   0.7920178087    0.784200656
   0.7711486169   0.7679304249   0.7702821877   0.7679304249
   0.7717669181   0.8054834402   0.8627773379   0.8054834402
   0.7568186489   0.7877017357   0.8338085309   0.7877017357
   0.7425252287   0.7744835208   0.8252308504   0.7744835208
   0.7800161487   0.8228506906    0.879956323   0.8228506906
   0.6894371097   0.6997532629   0.7173289274   0.6997532629
   0.7781503256   0.7831845819    0.791688476   0.7831845819
   0.7461311883   0.7534476713   0.7775104769   0.7534476713
   0.8916670551   0.8792644656   0.8812005233   0.8792644656